level		left		top		right		bottom		num_children	num_objects	objects
0		0		15360		15360		0		4		4		20 5024 7744 5056 6560	20 5440 8162 5472 5602	20 2112 7744 3136 7680	20 3840 7808 3968 7680	
1		7680		15360		15360		7680		0		0		
1		0		15360		7680		7680		4		3		20 3650 8128 3840 8096	20 2052 8160 4924 8128	53 3842 8098	
2		3840		15360		7680		11520		0		0		
2		0		15360		3840		11520		0		0		
2		0		11520		3840		7680		4		3		20 1890 7872 2110 7682	20 1824 7904 2110 7872	20 1890 8160 1982 8004	
3		1920		11520		3840		9600		0		0		
3		0		11520		1920		9600		0		0		
3		0		9600		1920		7680		4		0		
4		960		9600		1920		8640		0		0		
4		0		9600		960		8640		0		0		
4		0		8640		960		7680		0		0		
4		960		8640		1920		7680		4		1		20 1534 8160 1788 8128	
5		1440		8640		1920		8160		0		0		
5		960		8640		1440		8160		0		0		
5		960		8160		1440		7680		0		0		
5		1440		8160		1920		7680		4		1		20 1570 7970 1824 7938	
6		1680		8160		1920		7920		0		2		20 1758 8128 1888 8096	20 1790 8098 1822 8066	
6		1440		8160		1680		7920		0		2		20 1538 8032 1634 7970	20 1536 8128 1568 8034	
6		1440		7920		1680		7680		0		0		
6		1680		7920		1920		7680		0		1		20 1790 7870 1886 7838	
3		1920		9600		3840		7680		4		2		20 2402 8130 3582 8098	20 2816 7840 2944 7808	
4		2880		9600		3840		8640		0		0		
4		1920		9600		2880		8640		0		0		
4		1920		8640		2880		7680		4		0		
5		2400		8640		2880		8160		0		0		
5		1920		8640		2400		8160		0		0		
5		1920		8160		2400		7680		4		4		20 2112 7808 2174 7776	20 2146 7776 2206 7744	55 2142 8068	53 2176 8034	
6		2160		8160		2400		7920		0		2		20 2178 8128 2334 8100	20 2204 8096 2236 8064	
6		1920		8160		2160		7920		0		2		20 1982 8128 2110 8096	20 1982 8098 2014 8066	
6		1920		7920		2160		7680		0		0		
6		2160		7920		2400		7680		0		0		
5		2400		8160		2880		7680		4		1		20 2624 7874 2752 7746	
6		2640		8160		2880		7920		0		0		
6		2400		8160		2640		7920		0		1		55 2528 8068	
6		2400		7920		2640		7680		0		2		20 2428 7874 2556 7746	57 2572 7776 2602 7746	
6		2640		7920		2880		7680		0		2		20 2750 7808 2818 7776	57 2768 7840 2798 7810	
4		2880		8640		3840		7680		4		2		20 3328 7840 3452 7808	20 3264 7808 3582 7682	
5		3360		8640		3840		8160		0		0		
5		2880		8640		3360		8160		0		0		
5		2880		8160		3360		7680		4		0		
6		3120		8160		3360		7920		0		0		
6		2880		8160		3120		7920		0		1		55 3038 8068	
6		2880		7920		3120		7680		0		2		20 2946 7872 3070 7744	57 3088 7776 3118 7746	
6		3120		7920		3360		7680		0		2		20 3136 7872 3262 7740	57 3280 7840 3310 7810	
5		3360		8160		3840		7680		4		0		
6		3600		8160		3840		7920		0		1		20 3712 8094 3744 8062	
6		3360		8160		3600		7920		0		1		20 3456 8096 3488 8064	
6		3360		7920		3600		7680		0		0		
6		3600		7920		3840		7680		0		3		57 3664 7808 3694 7778	57 3728 7808 3758 7778	20 3648 7776 3772 7744	
2		3840		11520		7680		7680		4		0		
3		5760		11520		7680		9600		0		0		
3		3840		11520		5760		9600		0		0		
3		3840		9600		5760		7680		4		3		20 4798 7904 5150 7872	20 3968 7744 4960 7712	20 4674 8130 4926 8098	
4		4800		9600		5760		8640		0		0		
4		3840		9600		4800		8640		0		0		
4		3840		8640		4800		7680		4		1		20 4160 8128 4352 8096	
5		4320		8640		4800		8160		0		0		
5		3840		8640		4320		8160		0		0		
5		3840		8160		4320		7680		0		4		20 3902 8128 4096 8096	20 4224 8098 4256 8066	20 3966 8096 3998 8064	53 4224 8034	
5		4320		8160		4800		7680		0		3		20 4418 8128 4606 8096	20 4482 8098 4514 8066	53 4416 8066	
4		4800		8640		5760		7680		4		3		20 5024 8196 5502 8164	20 5214 8032 5344 8000	20 4928 8160 5054 8004	
5		5280		8640		5760		8160		0		0		
5		4800		8640		5280		8160		0		0		
5		4800		8160		5280		7680		0		3		20 5182 7808 5278 7776	20 5054 7874 5182 7752	51 5165 8017	
5		5280		8160		5760		7680		0		2		20 5374 7872 5444 7840	51 5297 7793	
3		5760		9600		7680		7680		0		0		
1		0		7680		7680		0		4		6		20 482 2884 4990 2852	20 2976 2466 4926 2434	20 5024 6434 5056 2722	20 5440 5472 5472 2406	20 3426 6688 4990 6656	20 3636 6304 4854 6272	
2		3840		7680		7680		3840		4		3		20 5346 5504 6174 5472	20 5054 5760 5184 5728	20 5502 5632 6010 5600	
3		5760		7680		7680		5760		0		0		
3		3840		7680		5760		5760		4		2		20 5118 6720 5214 6688	20 4704 6464 5150 6432	
4		4800		7680		5760		6720		4		4		20 5214 7588 5310 7556	20 5214 7106 5310 7074	20 5182 7328 5312 7296	20 5180 6848 5310 6816	
5		5280		7680		5760		7200		0		2		20 5310 7424 5406 7392	51 5357 7569	
5		4800		7680		5280		7200		0		3		20 5054 7650 5150 7618	20 5086 7456 5182 7424	51 5103 7313	
5		4800		7200		5280		6720		0		3		20 5056 7166 5152 7134	20 5086 6978 5182 6946	51 5101 6835	
5		5280		7200		5760		6720		0		2		20 5310 6944 5406 6912	51 5359 7091	
4		3840		7680		4800		6720		0		0		
4		3840		6720		4800		5760		0		3		53 4288 6628	53 4576 6626	53 4098 6626	
4		4800		6720		5760		5760		4		4		20 5214 6148 5310 6116	20 5184 6368 5280 6336	20 5214 6592 5344 6560	20 5182 5890 5312 5858	
5		5280		6720		5760		6240		0		2		20 5374 6434 5442 6402	51 5327 6353	
5		4800		6720		5280		6240		0		3		20 4960 6658 4992 6562	20 4802 6432 4834 6306	51 5133 6577	
5		4800		6240		5280		5760		0		3		20 5088 6016 5184 5984	20 5056 6208 5152 6176	51 5103 5877	
5		5280		6240		5760		5760		0		2		20 5312 5984 5408 5952	51 5357 6129	
3		3840		5760		5760		3840		4		0		
4		4800		5760		5760		4800		4		4		20 5214 5186 5310 5154	20 5186 5600 5282 5568	20 5216 5376 5346 5344	20 5182 4928 5312 4896	
5		5280		5760		5760		5280		0		0		
5		4800		5760		5280		5280		4		0		
6		5040		5760		5280		5520		0		2		51 5263 5745	51 5103 5585	
6		4800		5760		5040		5520		0		0		
6		4800		5520		5040		5280		0		0		
6		5040		5520		5280		5280		0		3		20 5056 5472 5152 5440	51 5133 5363	51 5197 5459	
5		4800		5280		5280		4800		0		3		20 5088 5056 5184 5024	20 5056 5248 5152 5216	51 5103 4915	
5		5280		5280		5760		4800		0		2		20 5312 5024 5408 4992	51 5329 5171	
4		3840		5760		4800		4800		0		0		
4		3840		4800		4800		3840		0		0		
4		4800		4800		5760		3840		4		4		20 5214 4228 5310 4196	20 5214 4704 5310 4672	20 5180 4450 5310 4418	20 5182 3968 5312 3936	
5		5280		4800		5760		4320		0		2		20 5310 4544 5406 4512	51 5329 4689	
5		4800		4800		5280		4320		0		3		20 5088 4576 5184 4544	20 5054 4768 5150 4736	51 5101 4435	
5		4800		4320		5280		3840		0		3		20 5090 4098 5186 4066	20 5054 4290 5150 4258	51 5133 3953	
5		5280		4320		5760		3840		0		2		20 5310 4064 5406 4032	51 5327 4211	
3		5760		5760		7680		3840		0		0		
2		0		7680		3840		3840		4		0		
3		1920		7680		3840		5760		4		2		20 2910 6724 2942 6244	20 3082 6722 3426 6690	
4		2880		7680		3840		6720		0		0		
4		1920		7680		2880		6720		0		0		
4		1920		6720		2880		5760		0		0		
4		2880		6720		3840		5760		4		1		20 2944 6464 3744 6432	
5		3360		6720		3840		6240		0		2		20 3616 6432 3648 6308	20 3426 6660 3486 6564	
5		2880		6720		3360		6240		0		3		20 3070 6688 3102 6564	20 3072 6560 3264 6528	20 3164 6528 3196 6496	
5		2880		6240		3360		5760		0		0		
5		3360		6240		3840		5760		0		0		
3		0		7680		1920		5760		0		0		
3		0		5760		1920		3840		0		0		
3		1920		5760		3840		3840		0		0		
2		0		3840		3840		0		4		3		20 386 2464 2494 2434	20 1858 2848 2048 2816	20 1920 2816 1952 2784	
3		1920		3840		3840		1920		4		3		20 2240 2624 3104 2594	20 2880 2850 3008 2726	20 2880 2594 3004 2470	
4		2880		3840		3840		2880		0		0		
4		1920		3840		2880		2880		0		0		
4		1920		2880		2880		1920		4		4		20 2114 2848 2590 2816	20 2368 2816 2492 2720	20 2368 2592 2492 2468	22 2431 2673	
5		2400		2880		2880		2400		0		3		20 2560 2688 2812 2656	20 2654 2852 2844 2818	20 2720 2818 2752 2786	
5		1920		2880		2400		2400		0		4		84 2253 2483	85 2063 2481	87 2349 2481	88 2159 2481	
5		1920		2400		2400		1920		0		0		
5		2400		2400		2880		1920		0		0		
4		2880		2880		3840		1920		4		1		20 3200 2852 3392 2820	
5		3360		2880		3840		2400		4		1		53 3584 2822	
6		3600		2880		3840		2640		0		3		20 3648 2848 3838 2816	20 3712 2816 3744 2784	53 3712 2754	
6		3360		2880		3600		2640		0		3		20 3458 2852 3582 2820	20 3456 2816 3488 2784	53 3392 2822	
6		3360		2640		3600		2400		0		1		86 3407 2483	
6		3600		2640		3840		2400		0		0		
5		2880		2880		3360		2400		4		3		20 3008 2852 3136 2820	86 3119 2485	23 2943 2673	
6		3120		2880		3360		2640		0		3		20 3264 2820 3296 2788	53 3230 2788	53 3264 2756	
6		2880		2880		3120		2640		0		1		20 3008 2818 3040 2786	
6		2880		2640		3120		2400		0		0		
6		3120		2640		3360		2400		0		0		
5		2880		2400		3360		1920		0		0		
5		3360		2400		3840		1920		0		0		
3		0		3840		1920		1920		4		1		20 576 2852 1024 2820	
4		960		3840		1920		2880		0		0		
4		0		3840		960		2880		0		0		
4		0		2880		960		1920		4		2		20 480 2528 512 2464	20 386 2848 510 2816	
5		480		2880		960		2400		4		2		20 704 2752 832 2626	20 736 2690 862 2562	
6		720		2880		960		2640		0		1		20 896 2818 928 2786	
6		480		2880		720		2640		0		0		
6		480		2640		720		2400		4		3		20 574 2560 606 2466	20 672 2530 702 2466	83 591 2577	
7		600		2640		720		2520		0		0		
7		480		2640		600		2520		0		0		
7		480		2520		600		2400		0		1		20 512 2496 542 2464	
7		600		2520		720		2400		0		1		20 640 2498 672 2466	
6		720		2640		960		2400		0		1		20 768 2626 892 2500	
5		0		2880		480		2400		0		2		20 352 2814 384 2434	20 384 2816 416 2784	
5		0		2400		480		1920		0		0		
5		480		2400		960		1920		0		0		
4		960		2880		1920		1920		4		3		20 1344 2848 1534 2816	20 1408 2816 1440 2784	86 1455 2483	
5		1440		2880		1920		2400		4		5		20 1598 2852 1790 2820	20 1664 2818 1696 2786	52 1566 2628	53 1664 2756	54 1709 2641	
6		1680		2880		1920		2640		0		1		53 1856 2786	
6		1440		2880		1680		2640		0		1		53 1534 2820	
6		1440		2640		1680		2400		0		1		82 1583 2481	
6		1680		2640		1920		2400		0		1		81 1711 2483	
5		960		2880		1440		2400		4		6		20 1056 2496 1278 2464	20 1056 2784 1088 2564	20 1088 2722 1118 2562	20 1216 2720 1246 2562	20 1246 2784 1278 2560	20 1088 2850 1278 2818	
6		1200		2880		1440		2640		0		0		
6		960		2880		1200		2640		0		1		20 1152 2818 1184 2786	
6		960		2640		1200		2400		0		0		
6		1200		2640		1440		2400		0		2		82 1325 2481	82 1261 2513	
5		960		2400		1440		1920		0		0		
5		1440		2400		1920		1920		0		0		
3		0		1920		1920		0		0		0		
3		1920		1920		3840		0		0		0		
2		3840		3840		7680		0		4		0		
3		5760		3840		7680		1920		0		0		
3		3840		3840		5760		1920		4		3		20 4640 2850 4954 2818	20 4798 2626 5150 2594	20 5122 2880 5218 2848	
4		4800		3840		5760		2880		4		4		20 5216 3264 5312 3232	20 5214 3744 5310 3712	20 5184 3488 5314 3456	20 5184 3008 5314 2976	
5		5280		3840		5760		3360		0		2		20 5310 3586 5406 3554	51 5359 3729	
5		4800		3840		5280		3360		0		3		20 5088 3618 5184 3586	20 5056 3812 5152 3780	51 5071 3473	
5		4800		3360		5280		2880		0		3		20 5090 3136 5186 3104	20 5054 3328 5150 3296	51 5071 2993	
5		5280		3360		5760		2880		0		2		20 5310 3104 5406 3072	51 5327 3249	
4		3840		3840		4800		2880		0		0		
4		3840		2880		4800		1920		4		2		20 3904 2852 4608 2820	20 4094 2818 4350 2500	
5		4320		2880		4800		2400		4		0		
6		4560		2880		4800		2640		0		0		
6		4320		2880		4560		2640		0		3		20 4352 2818 4384 2786	20 4480 2818 4512 2786	55 4350 2754	
6		4320		2640		4560		2400		0		1		86 4495 2483	
6		4560		2640		4800		2400		0		1		86 4749 2483	
5		3840		2880		4320		2400		0		2		86 3887 2485	53 3904 2790	
5		3840		2400		4320		1920		0		0		
5		4320		2400		4800		1920		0		0		
4		4800		2880		5760		1920		4		3		20 4988 2402 5500 2370	20 5184 2530 5280 2498	20 5216 2752 5340 2720	
5		5280		2880		5760		2400		0		1		51 5357 2513	
5		4800		2880		5280		2400		4		4		20 4928 2594 5052 2404	30 4992 2658 5022 2628 0 5056 2628	30 4960 2658 4990 2628 1 4832 2466	22 4991 2673	
6		5040		2880		5280		2640		0		1		51 5133 2739	
6		4800		2880		5040		2640		0		1		20 4926 2818 4958 2720	
6		4800		2640		5040		2400		0		0		
6		5040		2640		5280		2400		0		1		51 5263 2611	
5		4800		2400		5280		1920		0		0		
5		5280		2400		5760		1920		0		0		
3		3840		1920		5760		0		0		0		
3		5760		1920		7680		0		0		0		
1		7680		7680		15360		0		0		0		
